double/large_large: 29310.904038995504, 110374.92564500868
double_1block/large_large: 37653.50803498924, f
double_2block/large_large: 91199.56635698676, 77590.77048501372
linear: 76096.93602399528, 72837.90713399649
single/large: 34289.270904004574, 139176.69596400857
single_block/large: 63490.63274098933, 65236.60451500118