double/large_large: 60011.27612000704, 70112.0196300149
double_1block/large_large: 69152.83084201813, 77492.68931299448
double_2block/large_large: 73787.68129199743, 65022.25504100323
linear: 61986.08793902397, 59983.83694797754
single/large: 56973.43766504526, 60169.22203397751
single_block/large: 60698.77856397629, 56863.35452800989