double/large_large: 60362.1808199957, 63506.32501900196
double_1block/large_large: 71982.84517400712, 79502.89883299917
double_2block/large_large: 72150.74126400054, 72507.3685010001
linear: 71295.97882699966, 76031.10470999777
single/large: 67809.03371899575, 72794.57067099959
single_block/large: 63011.22313156232, 59742.05676600337