double/small_small: 55515.113010048866, 60788.71798789501
double/large_large: 55547.61810696125, 60428.8568199873
double/dynamic_dynamic: 55946.11912202835, 60404.84420502186
double/dynamic_large: 55627.07590401173, 60746.87691998482
double/dynamic_small: 55606.696092009544, 60200.08675503731
double/large_dynamic: 55942.09337699413, 60102.382485985756
double/large_small: 56014.70060002804, 61514.33889901638
double/small_dynamic: 55724.66273403168, 59972.312790989876
double/small_large: 55836.59819293022, 60032.73012697697
double_1block/dynamic_dynamic: 60363.75246703625, 60236.60009300709
double_1block/dynamic_large: 59930.31039106846, 59606.172994971275
double_1block/dynamic_small: 60712.81610608101, 59650.15302693844
double_1block/large_dynamic: 59487.47619199753, 59345.00150799751
double_1block/large_large: 60115.12419497967, 59886.367841959
double_1block/large_small: 60158.859712958336, 59743.312837958336
double_1block/small_dynamic: 60270.0978269577, 59949.38903105259
double_1block/small_large: 59702.51052105427, 59599.85088503361
double_1block/small_small: 60552.050033926964, 59563.851991057396
double_2block/dynamic_dynamic: f, f
double_2block/dynamic_large: 66183.41102206707, 55456.910104990005
double_2block/dynamic_small: f, f
double_2block/large_dynamic: 69420.08643400669, 63536.26940906048
double_2block/large_large: 73260.22703289986, 56118.15757107735
double_2block/large_small: 62964.848011016846, 56485.921072006226
double_2block/small_dynamic: 69077.43935704231, 57363.33197200298
double_2block/small_large: 66469.13148605824, 59358.764868974686
double_2block/small_small: 62918.74723100662, 55029.14896798134
linear: 56713.62339699268, 55256.332536935806
single/dynamic: 55788.541190981865, 59493.43888294697
single/large: 55639.19312608242, 62234.02304697037
single/small: 57526.61798596382, 60321.395032048225
single_block/dynamic: 59993.934295892715, 56583.25031709671
single_block/large: 59804.09419810772, 56556.318735957146
single_block/small: 59402.59145104885, 57010.31164896488