double/large_large: 12659.058706998825, 17192.741911001503
double_1block/large_large: 13409.256566002965, 10637.94026299566
double_2block/large_large: 14187.792443998158, 8280.155151002109
linear: 8824.17884799838, 8662.258603006601
single/large: 9416.604761995375, 10141.951834999025
single_block/large: 11424.557862997055, 8305.085011005402