double/large_large: 10543.419717997313, 9704.377098999918
double_1block/large_large: 10742.150437995791, 9114.024052001536
double_2block/large_large: 10733.120719000697, 8870.163187995553
linear: 8636.851428002119, 9924.49514900148
single/large: 11571.090654999018, 9814.283990003169
single_block/large: 9430.882315002382, 10421.655239000916