double/large_large: 15386.556686997414, 21692.10442301631
double_1block/large_large: 17928.3089119792, 16119.79023000598
double_2block/large_large: 20818.30900400877, 13295.981659978628
linear: 13872.463331997395, 14075.559794992208
single/large: 14108.025918990374, 16234.338716000319
single_block/large: 18366.030981004238, 15303.24154701829