double/small_small: 40216.82249403, 157819.35021197796
double/large_large: 37792.23029100895, f
double/dynamic_dynamic: 51705.76256895065, f
double/dynamic_large: 39516.309818029404, 158684.27889299393
double/dynamic_small: 38416.30006098747, 159233.87526500225
double/large_dynamic: 37672.02243196964, 159644.06612098217
double/large_small: 38707.97050797939, 159017.89370799065
double/small_dynamic: 38173.09327304363, 159014.99178397655
double/small_large: 38254.4449750185, 159105.0204730034
double_1block/dynamic_dynamic: 77677.6060808897, f
double_1block/dynamic_large: 76249.35885298252, f
double_1block/dynamic_small: 63989.14752697945, f
double_1block/large_dynamic: 164748.20512199402, f
double_1block/large_large: 86296.1231290102, 246384.48590898514
double_1block/large_small: 82898.25544703007, 137105.72897696495
double_1block/small_dynamic: 81889.78095698357, f
double_1block/small_large: 85014.40691900253, 143853.6155860424
double_1block/small_small: 84150.78023993969, 125614.6370819807
double_2block/dynamic_dynamic: 88326.59392309189, f
double_2block/dynamic_large: f, f
double_2block/dynamic_small: f, f
double_2block/large_dynamic: f, f
double_2block/large_large: 236248.73400092125, 55161.23479604721
double_2block/large_small: 85755.35492002964, 263278.8284410238
double_2block/small_dynamic: 167492.22370004654, f
double_2block/small_large: 88371.17654907703, 52539.12299001217
double_2block/small_small: 85193.50944507122, 176237.04309892654
linear: 28788.604462981224, 27280.22753095627
single/dynamic: 27513.63646697998, f
single/large: 39790.955031991005, 64178.30825698376
single/small: 43220.78747701645, 65462.99821603298
single_block/dynamic: f, f
single_block/large: 63750.8391200304, 84915.77882194519
single_block/small: 78952.29115307331, 63595.977451086044