double/large_large: 50060.4077739995, f
double_1block/large_large: 97111.73298599944, 144979.24835
double_2block/large_large: 63912.50896000117, 56786.784979999065
linear: 29429.935990000144, 28825.726112999022
single/large: 40501.30817499943, 67990.14592200145
single_block/large: 136359.24713600054, 131190.5203389991