double/large_large: 168521.2368890047, 224490.44165700674
double_1block/large_large: 125835.76600602269, 153579.37157598138
double_2block/large_large: 89827.65657800436, 87401.2713239789
linear: 82767.22016999125, 88356.50553900003
single/large: 153373.97776600718, 205173.36544698477
single_block/large: 93219.08759000897, 92280.05560398102