double/large_large: 504321.0090740025, f
double_1block/large_large: 558258.0692770034, f
double_2block/large_large: 325610.7999489978, 287252.9203880057
linear: 177917.09344999492, 199551.9354000017
single/large: 544799.3679779992, f
single_block/large: 281521.178395994, 280512.29499199986