double/large_large: 508714.2044030428, f
double_1block/large_large: 560612.0250969529, f
double_2block/large_large: 328561.30102300644, 285298.98785096407
linear: 180207.89479994774, 201861.39749604464
single/large: 549974.8053649664, f
single_block/large: 281677.5790500045, 281642.8913189769