double/large_large: 7245.951398000121, 6645.105995006859
double_1block/large_large: 10911.329006001353, 7027.143628001213
double_2block/large_large: 13133.99965299666, 6153.852596998215
linear: 7078.905562996864, 6565.040559999645
single/large: 7361.492975994945, 6213.11486800015
single_block/large: 9809.670011997223, 6003.139218002558