double/large_large: 587698.1787540019, f
double_1block/large_large: 534871.9642059952, f
double_2block/large_large: f, f
linear: 278417.03897699714, 417753.88291600347
single/large: f, f
single_block/large: 450388.8428670019, f